Format:
predicted score, actual score, match id (cricinfo), features

Features Format:
current score, current wickets, current run rate, balls left, run rate in last 30 balls, wickets in last 30 balls, score in last 30 balls,countryId,teamplayingId,teamagainstId,groundid,daynight

168.101880902 168 1001349 [49L, 0L, 1.225, 80, 1.45, 0L, 29L, 1, 1, 13, 1, 1]
173.266944108 168 1001349 [74L, 0L, 1.233, 60, 1.25, 0L, 25L, 1, 1, 13, 1, 1]
161.058854069 168 1001349 [93L, 2L, 1.163, 40, 0.95, 2L, 19L, 1, 1, 13, 1, 1]
178.610044988 168 1001349 [131L, 3L, 1.31, 20, 1.9, 1L, 38L, 1, 1, 13, 1, 1]
183.930047061 173 1001351 [62L, 1L, 1.55, 80, 2.15, 0L, 43L, 1, 1, 13, 2, 1]
167.624531696 173 1001351 [77L, 2L, 1.283, 60, 0.75, 1L, 15L, 1, 1, 13, 2, 1]
184.66164082 173 1001351 [111L, 2L, 1.387, 40, 1.7, 0L, 34L, 1, 1, 13, 2, 1]
171.984219351 173 1001351 [135L, 5L, 1.35, 20, 1.2, 3L, 24L, 1, 1, 13, 2, 1]
189.021426821 187 1001353 [63L, 0L, 1.575, 80, 1.85, 0L, 37L, 1, 1, 13, 3, 1]
181.67515952 187 1001353 [85L, 1L, 1.417, 60, 1.1, 1L, 22L, 1, 1, 13, 3, 1]
197.577687203 187 1001353 [119L, 1L, 1.488, 40, 1.7, 0L, 34L, 1, 1, 13, 3, 1]
199.127547273 187 1001353 [147L, 2L, 1.47, 20, 1.4, 1L, 28L, 1, 1, 13, 3, 1]
182.244670832 169 1004729 [65L, 1L, 1.625, 80, 2.15, 1L, 43L, 2, 9, 2, 4, 0]
176.965504357 169 1004729 [84L, 1L, 1.4, 60, 0.95, 0L, 19L, 2, 9, 2, 4, 0]
167.814607288 169 1004729 [102L, 2L, 1.275, 40, 0.9, 1L, 18L, 2, 9, 2, 4, 0]
173.531829331 169 1004729 [131L, 3L, 1.31, 20, 1.45, 1L, 29L, 2, 9, 2, 4, 0]
152.694486228 170 1007655 [48L, 2L, 1.2, 80, 1.1, 2L, 22L, 3, 3, 5, 5, 0]
154.574452112 170 1007655 [72L, 3L, 1.2, 60, 1.2, 1L, 24L, 3, 3, 5, 5, 0]
152.149635463 170 1007655 [98L, 5L, 1.225, 40, 1.3, 2L, 26L, 3, 3, 5, 5, 0]
153.763703006 170 1007655 [122L, 6L, 1.22, 20, 1.2, 1L, 24L, 3, 3, 5, 5, 0]
125.85219516 99 1007657 [36L, 4L, 0.9, 80, 1.05, 3L, 21L, 3, 3, 5, 5, 0]
124.263927915 99 1007657 [50L, 4L, 0.833, 60, 0.7, 0L, 14L, 3, 3, 5, 5, 0]
119.191876176 99 1007657 [68L, 5L, 0.85, 40, 0.9, 1L, 18L, 3, 3, 5, 5, 0]
109.675405164 99 1007657 [81L, 6L, 0.81, 20, 0.65, 1L, 13L, 3, 3, 5, 5, 0]
124.321849281 138 1007659 [32L, 3L, 0.8, 80, 0.6, 2L, 12L, 3, 5, 3, 5, 0]
131.550006142 138 1007659 [53L, 3L, 0.883, 60, 1.05, 0L, 21L, 3, 5, 3, 5, 0]
135.264679496 138 1007659 [79L, 4L, 0.988, 40, 1.3, 1L, 26L, 3, 5, 3, 5, 0]
125.818363889 138 1007659 [93L, 5L, 0.93, 20, 0.7, 1L, 14L, 3, 5, 3, 5, 0]
123.95445323 141 1019979 [35L, 4L, 0.875, 80, 1.15, 3L, 23L, 4, 17, 4, 6, 1]
139.207458165 141 1019979 [62L, 4L, 1.033, 60, 1.35, 0L, 27L, 4, 17, 4, 6, 1]
124.151970217 141 1019979 [73L, 5L, 0.912, 40, 0.55, 1L, 11L, 4, 17, 4, 6, 1]
132.918798347 141 1019979 [98L, 5L, 0.98, 20, 1.25, 0L, 25L, 4, 17, 4, 6, 1]
154.980355768 195 1019981 [52L, 3L, 1.3, 80, 0.85, 2L, 17L, 4, 4, 17, 7, 0]
170.276015973 195 1019981 [83L, 3L, 1.383, 60, 1.55, 0L, 31L, 4, 4, 17, 7, 0]
205.787772095 195 1019981 [135L, 3L, 1.688, 40, 2.6, 0L, 52L, 4, 4, 17, 7, 0]
216.357707862 195 1019981 [168L, 3L, 1.68, 20, 1.65, 0L, 33L, 4, 4, 17, 7, 0]
137.450056359 194 1019983 [41L, 3L, 1.025, 80, 1.05, 3L, 21L, 4, 4, 17, 7, 0]
133.43834768 194 1019983 [54L, 3L, 0.9, 60, 0.65, 0L, 13L, 4, 4, 17, 7, 0]
156.489434825 194 1019983 [92L, 3L, 1.15, 40, 1.9, 0L, 38L, 4, 4, 17, 7, 0]
189.165935511 194 1019983 [142L, 3L, 1.42, 20, 2.5, 0L, 50L, 4, 4, 17, 7, 0]
174.78941944 185 1020029 [58L, 1L, 1.45, 80, 2.05, 0L, 41L, 4, 14, 4, 8, 1]
196.741549196 185 1020029 [98L, 1L, 1.633, 60, 2.0, 0L, 40L, 4, 14, 4, 8, 1]
187.653874501 185 1020029 [118L, 2L, 1.475, 40, 1.0, 1L, 20L, 4, 14, 4, 8, 1]
186.997230898 185 1020029 [147L, 4L, 1.47, 20, 1.45, 2L, 29L, 4, 14, 4, 8, 1]
160.649057476 147 1034825 [48L, 1L, 1.2, 80, 1.3, 1L, 26L, 5, 5, 15, 9, 1]
157.18269918 147 1034825 [69L, 2L, 1.15, 60, 1.05, 1L, 21L, 5, 5, 15, 9, 1]
155.212590778 147 1034825 [95L, 4L, 1.188, 40, 1.3, 2L, 26L, 5, 5, 15, 9, 1]
151.52623704 147 1034825 [114L, 5L, 1.14, 20, 0.95, 1L, 19L, 5, 5, 15, 9, 1]
162.160556597 144 1034827 [49L, 1L, 1.225, 80, 1.4, 1L, 28L, 5, 5, 15, 10, 1]
153.269415983 144 1034827 [66L, 2L, 1.1, 60, 0.85, 1L, 17L, 5, 5, 15, 10, 1]
158.145890413 144 1034827 [93L, 3L, 1.163, 40, 1.35, 1L, 27L, 5, 5, 15, 10, 1]
162.796133334 144 1034827 [116L, 3L, 1.16, 20, 1.15, 0L, 23L, 5, 5, 15, 10, 1]
168.355524629 202 1034829 [52L, 1L, 1.3, 80, 2.05, 0L, 41L, 5, 5, 15, 11, 1]
159.544665838 202 1034829 [71L, 2L, 1.183, 60, 0.95, 1L, 19L, 5, 5, 15, 11, 1]
179.479261759 202 1034829 [107L, 2L, 1.337, 40, 1.8, 0L, 36L, 5, 5, 15, 11, 1]
187.314326038 202 1034829 [140L, 3L, 1.4, 20, 1.65, 1L, 33L, 5, 5, 15, 11, 1]
171.74882311 165 1040485 [56L, 1L, 1.4, 80, 1.75, 0L, 35L, 5, 2, 6, 12, 0]
175.055386494 165 1040485 [85L, 2L, 1.417, 60, 1.45, 1L, 29L, 5, 2, 6, 12, 0]
169.180050015 165 1040485 [105L, 3L, 1.313, 40, 1.0, 1L, 20L, 5, 2, 6, 12, 0]
164.724034927 165 1040485 [125L, 4L, 1.25, 20, 1.0, 1L, 20L, 5, 2, 6, 12, 0]
144.427181505 184 1040487 [41L, 2L, 1.025, 80, 1.4, 0L, 28L, 5, 6, 2, 12, 0]
146.201392737 184 1040487 [70L, 4L, 1.167, 60, 1.45, 2L, 29L, 5, 6, 2, 12, 0]
162.626029529 184 1040487 [102L, 4L, 1.275, 40, 1.6, 0L, 32L, 5, 6, 2, 12, 0]
165.426570869 184 1040487 [130L, 5L, 1.3, 20, 1.4, 1L, 28L, 5, 6, 2, 12, 0]
193.974428755 233 1040489 [69L, 0L, 1.725, 80, 2.05, 0L, 41L, 5, 6, 2, 12, 0]
195.438761951 233 1040489 [95L, 0L, 1.583, 60, 1.3, 0L, 26L, 5, 6, 2, 12, 0]
183.724288284 233 1040489 [121L, 3L, 1.512, 40, 1.3, 3L, 26L, 5, 6, 2, 12, 0]
192.826590016 233 1040489 [152L, 4L, 1.52, 20, 1.55, 1L, 31L, 5, 6, 2, 12, 0]
224.475784811 245 1041615 [90L, 0L, 2.25, 80, 2.85, 0L, 57L, 6, 12, 5, 13, 0]
234.633466143 245 1041615 [131L, 1L, 2.183, 60, 2.05, 1L, 41L, 6, 12, 5, 13, 0]
263.340640595 245 1041615 [181L, 1L, 2.263, 40, 2.5, 0L, 50L, 6, 12, 5, 13, 0]
251.598988564 245 1041615 [206L, 3L, 2.06, 20, 1.25, 2L, 25L, 6, 12, 5, 13, 0]
161.264818132 143 1041617 [54L, 2L, 1.35, 80, 1.5, 1L, 30L, 6, 12, 5, 13, 0]
161.496616288 143 1041617 [75L, 2L, 1.25, 60, 1.05, 0L, 21L, 6, 12, 5, 13, 0]
148.743332879 143 1041617 [98L, 5L, 1.225, 40, 1.15, 3L, 23L, 6, 12, 5, 13, 0]
137.827861106 143 1041617 [114L, 7L, 1.14, 20, 0.8, 2L, 16L, 6, 12, 5, 13, 0]
108.983122384 115 1050217 [26L, 5L, 0.65, 80, 0.5, 2L, 10L, 7, 12, 7, 14, 1]
115.098926755 115 1050217 [45L, 5L, 0.75, 60, 0.95, 0L, 19L, 7, 12, 7, 14, 1]
91.8467745242 115 1050217 [56L, 8L, 0.7, 40, 0.55, 3L, 11L, 7, 12, 7, 14, 1]
110.006912304 115 1050217 [86L, 8L, 0.86, 20, 1.5, 0L, 30L, 7, 12, 7, 14, 1]
152.64770773 160 1050219 [42L, 1L, 1.05, 80, 1.4, 0L, 28L, 7, 7, 12, 14, 1]
155.531381202 160 1050219 [68L, 2L, 1.133, 60, 1.3, 1L, 26L, 7, 7, 12, 14, 1]
152.892972609 160 1050219 [89L, 3L, 1.113, 40, 1.05, 1L, 21L, 7, 7, 12, 14, 1]
167.899556033 160 1050219 [121L, 3L, 1.21, 20, 1.6, 0L, 32L, 7, 7, 12, 14, 1]
119.56827162 103 1050221 [27L, 3L, 0.675, 80, 0.65, 1L, 13L, 7, 12, 7, 15, 1]
116.207274408 103 1050221 [44L, 4L, 0.733, 60, 0.85, 1L, 17L, 7, 12, 7, 15, 1]
120.105842278 103 1050221 [68L, 5L, 0.85, 40, 1.2, 1L, 24L, 7, 12, 7, 15, 1]
114.504768618 103 1050221 [80L, 5L, 0.8, 20, 0.6, 0L, 12L, 7, 12, 7, 15, 1]
154.560042613 161 1072206 [46L, 1L, 1.15, 80, 1.3, 1L, 26L, 7, 6, 8, 16, 0]
143.773056123 161 1072206 [65L, 3L, 1.083, 60, 0.95, 2L, 19L, 7, 6, 8, 16, 0]
134.899724577 161 1072206 [79L, 4L, 0.988, 40, 0.7, 1L, 14L, 7, 6, 8, 16, 0]
143.129049489 161 1072206 [104L, 4L, 1.04, 20, 1.25, 0L, 25L, 7, 6, 8, 16, 0]
182.37979661 179 1072207 [64L, 1L, 1.6, 80, 1.7, 0L, 34L, 7, 8, 6, 14, 0]
176.238921592 179 1072207 [83L, 1L, 1.383, 60, 0.95, 0L, 19L, 7, 8, 6, 14, 0]
164.890580705 179 1072207 [99L, 2L, 1.238, 40, 0.8, 1L, 16L, 7, 8, 6, 14, 0]
168.667500556 179 1072207 [126L, 3L, 1.26, 20, 1.35, 1L, 27L, 7, 8, 6, 14, 0]
173.220409399 189 1072208 [55L, 0L, 1.375, 80, 1.5, 0L, 30L, 7, 6, 8, 16, 0]
189.743949535 189 1072208 [94L, 1L, 1.567, 60, 1.95, 1L, 39L, 7, 6, 8, 16, 0]
184.300436915 189 1072208 [120L, 3L, 1.5, 40, 1.3, 2L, 26L, 7, 6, 8, 16, 0]
193.186371943 189 1072208 [152L, 4L, 1.52, 20, 1.6, 1L, 32L, 7, 6, 8, 16, 0]
